1018
1123
126
1261
1268
127
1336
1419
1477
176
2153
2183
2196
2308
2416
2553
2590
26
2697
2711
13492
2758
2944
301
3103
3128
3253
3327
3454
3528
3553
3596
3604
3649
3670
385
395
3977
4101
4148
4155
4158
4290
4335
4405
4473
4534
4539
4575
4726
4783
4875
4963
639
721
901
952
1226
1232
1314
1344
138
144
1457
1493
14123
14122
1528
2074
209
2305
2322
2325
2326
2352
2374
2968
3099
32
3263
3307
3326
3344
3379
3395
3441
3466
3468
3752
38
3884
3986
4040
4041
4127
4274
4415
4449
4482
4597
4602
4653
4659
4712
4741
4842
507
646
651
656
699
750
842
851
928
95
999
1252
53379
3413
1002006
1002133
2044
28487
764
767
329
3474
383
3613
1002122
1002171
1001780
52999
52716
51315
10027
10099
10203
10222
10237
10293
10338
10443
10477
10564
10587
10667
11149
11162
11289
6944
6945
6946
6947
6954
6958
10179
10210
10350
10403
10658
10688
10777
10904
11046
11174
11179
11266
11350
11440
11484
6833
1001461
6953
10031
10134
10554
11050
6295
54606
10281
11066
52413
1002093
11243
54513
11016
21377
11529
11608
11633
11649
11722
11864
12349
12501
12583
12617
12808
12873
12890
13077
13200
13229
13389
13396
13411
13469
13477
14080
14213
14242
14244
14387
14531
14555
14587
14635
14843
14899
14973
15430
16044
16083
16163
16234
16300
16576
16583
11487
11550
11621
11642
11691
11747
11794
11990
12007
12017
12049
12118
12185
12203
12279
12410
12558
12597
12601
12739
12771
12803
12857
12877
12904
12944
13050
13054
13177
13230
13441
13443
13539
13855
13873
14012
14038
14049
14154
14175
14285
14291
14683
14694
14785
15059
15094
15105
15226
15467
15633
15732
15880
15928
15961
16087
16438
16604
12721
13955
15736
13972
13138
14662
12933
15320
14520
14955
1002118
16228
15053
31079
50397
31612
14761
12652
14727
12732
15743
1000610
16020
13691
16363
15644
16785
19078
19287
20128
16732
16758
16771
16827
16831
16839
16898
17032
17036
17081
17140
17151
17214
17414
17490
17510
17625
17654
17689
17739
17796
17797
17825
17833
17918
18054
18062
18321
18355
18366
18387
18396
18433
18438
18494
18540
18570
18595
18599
18671
18766
18867
18897
18975
19015
19019
19048
19103
19250
19298
19324
19391
19393
19430
19473
19555
19591
19597
19619
19624
19650
19667
19675
19702
19714
19717
19793
19834
19843
19946
19956
20004
20018
20234
20257
20261
20363
20415
20451
20602
20695
20717
20733
20757
20891
20913
20916
20948
20961
21003
21067
21221
21263
21283
21309
21323
21345
21364
21374
21416
21500
21514
21568
21598
21609
21614
21658
21662
21699
21700
19099
20843
21513
21566
20186
21569
17955
19641
19599
19877
19341
17505
19709
17601
19817
19926
17950
16862
21204
20639
25791
26351
24890
35733
19651
20955
18288
17998
20756
21120
21821
21831
21842
21848
22131
22158
22218
22310
22320
22370
22377
22458
22490
22642
22702
22720
22782
22802
22908
22945
22999
23058
23268
23392
23417
23686
23961
24044
24081
24084
24405
24432
24470
24505
24580
24804
24855
24893
24903
24999
25137
25182
25206
25252
25313
25362
25486
25508
25628
25965
26028
26083
26092
26261
24806
26496
26510
26518
26634
26722
26758
26823
27102
27289
27323
27360
27668
27724
27797
27925
27932
27952
28086
28272
28278
28331
28369
28431
28447
28450
28478
21957
22789
23948
25885
27411
28319
22200
22382
22496
22952
24907
25440
25784
25280
23459
25980
21823
23000
25697
22894
34343
24096
23314
25850
27912
26900
28127
25191
23424
28525
28607
28695
28794
29061
29215
29285
29287
29376
29385
29568
29606
29610
29748
29753
29754
29782
30097
30109
30131
30259
30278
30326
30569
30636
30680
30833
30896
31006
31024
31201
31228
31302
31342
31453
31690
31692
31750
31752
31800
31924
31927
31962
32051
32064
32075
32096
32136
32169
32172
32179
32186
32415
32453
32528
32540
32592
32633
32710
32712
32731
32732
32751
32982
33057
33076
33176
33213
33227
28708
28755
28831
28949
29393
29395
29771
30013
30370
30795
31809
32111
32150
32203
32375
32430
32863
28796
30035
30104
30612
32783
29490
33144
32106
32869
32506
28956
29304
28760
28698
28726
55833
33248
33273
33282
33322
33356
33410
33415
33442
33469
33890
34541
34658
34798
34940
34948
34972
35393
35462
35585
35591
35716
50007
50015
50023
50243
50289
50352
50504
50535
50684
50728
50840
50913
50954
51072
33230
33297
33316
33403
33614
33626
33706
33804
33814
33835
33840
33991
34019
34020
34168
34176
34674
34698
34770
34775
34857
34941
34951
35016
35020
35035
35102
35105
35239
35247
35375
35469
35558
35561
35582
35659
35709
50002
50005
50035
50043
50106
50165
50179
50189
50202
50284
50394
50486
50488
50502
50609
50613
50710
50730
50763
50778
50822
50823
50831
50850
50943
51013
51086
51127
35584
50042
50534
34453
34018
33257
51952
51065
50025
33413
34154
50161
33470
35103
51782
33386
50379
33901
50143
50401
50476
51452
51651
52128
52209
52440
52554
52563
52835
53007
53121
53211
53793
53838
54113
51171
51265
51329
51388
51423
51493
51497
51521
51562
51660
51835
51875
51975
51984
52002
52004
52014
52031
52072
52118
52123
52163
52247
52305
52315
52319
52329
52338
52353
52366
52497
52574
52708
52709
52721
52727
52791
52827
52861
52867
52913
52930
52965
52991
53004
53046
53118
53192
53220
53235
53240
53244
53260
53266
53293
53304
53328
53415
53421
53431
53466
53506
53509
53516
53517
53527
53545
53562
53620
53670
53717
53798
53806
53809
53811
53848
53913
53989
54076
54094
51222
51226
52133
52298
53569
53683
53690
53477
53606
54109
51184
52805
52461
51205
53047
51707
52154
52041
1002129
52841
52915
52653
54226
54445
54548
54621
54641
54854
54994
1000003
1000004
1000006
1000045
1000069
1000093
1000125
1000164
1000165
1000170
1000196
1000222
1000241
1000306
1000321
1000327
1000369
1000373
1000380
1000410
1000449
1000459
1000487
1000495
1000515
1000537
1000544
1000560
1000577
1000614
1000690
1000702
1000714
1000730
1000731
1000737
1000739
1000740
1000742
1000751
1000767
1000770
1000772
54125
54129
54163
54208
54256
54278
54288
54305
54364
54376
54440
54460
54472
54500
54524
54525
54646
54648
54662
54678
54724
54739
54749
54773
54778
54789
54808
54885
54928
55038
55050
55104
55116
55151
55161
55178
55198
55200
55208
55214
55224
55251
55286
55308
55321
55368
55390
55457
55471
55479
55499
55564
55645
55663
55679
55693
55710
55734
55786
55846
55005
55388
1000765
54620
1000010
54189
1000059
54417
55069
55255
55031
55666
55633
55641
1000481
54721
55550
54704
1000414
1000769
1000788
1000811
1000840
1000849
1000945
1000951
1000954
1000967
1001082
1001086
1001131
1001181
1001226
1001236
1001350
1001366
1001409
1001429
1001468
1001534
1001544
1001570
1001656
1001883
1001891
1002000
1002023
1002028
1002029
1002034
1002035
1002036
1002037
1002038
1002040
1002063
1002065
1002152
1002153
1002174
1000907
1000911
1000957
1001142
1001208
1001311
1001341
1001406
1001419
1001528
1001586
1001605
1001661
1001768
1001881
1000978
1001062
1001820
1001420
1000956
1001299
1001058
1002102
1001323
