1	11.0	11.0	
2	8.0	8.0	
3	8.0	8.0	
4	9.0	9.0	
5	13.0	13.0	
6	6.0	6.0	
7	4.0	4.0	
8	4.0	4.0	
9	5.0	5.0	
10	6.0	6.0	
11	7.0	7.0	
12	7.0	7.0	
13	7.0	7.0	
14	14.0	14.0	
15	7.0	7.0	
16	7.0	7.0	
17	7.0	7.0	
18	5.0	5.0	
19	9.0	9.0	
20	11.0	11.0	
21	7.0	7.0	
22	16.0	16.0	
23	4.0	4.0	
24	10.0	10.0	
25	8.0	8.0	
26	4.0	4.0	
27	5.0	5.0	
28	7.0	7.0	
29	5.0	5.0	
30	6.0	6.0	
31	4.0	4.0	
32	7.0	7.0	
33	11.0	11.0	
34	11.0	11.0	
35	4.0	4.0	
36	11.0	11.0	
37	6.0	6.0	
38	4.0	4.0	
39	5.0	5.0	
40	7.0	7.0	
41	9.0	9.0	
42	4.0	4.0	
43	12.0	12.0	
44	6.0	6.0	
45	11.0	11.0	
46	12.0	12.0	
47	12.0	12.0	
48	10.0	10.0	
49	4.0	4.0	
50	15.0	15.0	
51	8.0	8.0	
52	6.0	6.0	
53	10.0	10.0	
54	5.0	5.0	
55	7.0	7.0	
56	7.0	7.0	
57	6.0	6.0	
58	9.0	9.0	
59	5.0	5.0	
60	7.0	7.0	
61	7.0	7.0	
62	12.0	12.0	
63	5.0	5.0	
64	5.0	5.0	
65	9.0	9.0	
66	6.0	6.0	
67	9.0	9.0	
68	4.0	4.0	
69	7.0	7.0	
70	8.0	8.0	
71	10.0	10.0	
72	4.0	4.0	
73	13.0	13.0	
74	5.0	5.0	
75	8.0	8.0	
76	6.0	6.0	
77	11.0	11.0	
78	11.0	11.0	
79	14.0	14.0	
80	8.0	8.0	
81	15.0	15.0	
82	7.0	7.0	
83	9.0	9.0	
84	5.0	5.0	
85	7.0	7.0	
86	11.5	11.5	
87	6.0	6.0	
88	7.0	7.0	
89	5.0	5.0	
90	12.0	12.0	
91	10.0	10.0	
92	7.0	7.0	
93	7.0	7.0	
94	7.0	7.0	
95	10.0	10.0	
96	7.0	7.0	
97	9.0	9.0	
98	12.0	12.0	
99	6.0	6.0	
100	12.5	12.5	
101	6.0	6.0	
102	9.0	9.0	
103	6.0	6.0	
104	7.0	7.0	
105	11.0	11.0	
106	8.0	8.0	
107	4.0	4.0	
108	6.0	6.0	
109	11.0	11.0	
110	20.0	20.0	
111	6.0	6.0	
112	6.0	6.0	
113	10.0	10.0	
114	10.0	10.0	
115	6.0	6.0	
116	7.0	7.0	
117	14.0	14.0	
118	7.0	7.0	
119	6.0	6.0	
120	11.0	11.0	
121	12.0	12.0	
122	5.0	5.0	
123	5.0	5.0	
124	10.0	10.0	
125	5.0	5.0	
126	9.0	9.0	
127	16.0	16.0	
128	7.5	7.5	
129	7.0	7.0	
130	6.0	6.0	
131	4.0	4.0	
132	11.0	11.0	
133	13.0	13.0	
134	9.0	9.0	
135	8.0	8.0	
136	13.0	13.0	
137	5.0	5.0	
138	10.0	10.0	
139	6.0	6.0	
140	7.0	7.0	
141	5.0	5.0	
142	5.0	5.0	
143	9.0	9.0	
144	5.0	5.0	
145	17.0	17.0	
146	12.5	12.5	
147	10.5	10.5	
148	9.0	9.0	
149	9.0	9.0	
150	9.0	9.0	
151	5.0	5.0	
152	16.0	16.0	
153	10.0	10.0	
154	6.0	6.0	
155	15.0	15.0	
156	7.0	7.0	
157	10.0	10.0	
158	5.0	5.0	
159	12.0	12.0	
160	11.0	11.0	
161	12.0	12.0	
162	6.0	6.0	
163	14.0	14.0	
164	8.0	8.0	
165	6.0	6.0	
166	4.0	4.0	
167	8.0	8.0	
168	11.0	11.0	
169	7.0	7.0	
170	10.0	10.0	
171	8.0	8.0	
172	9.0	9.0	
173	7.0	7.0	
174	10.0	10.0	
175	9.0	9.0	
176	4.0	4.0	
177	13.0	13.0	
178	11.0	11.0	
179	11.0	11.0	
180	5.0	5.0	
181	12.0	12.0	
182	7.0	7.0	
183	15.0	15.0	
184	9.0	9.0	
185	5.0	5.0	
186	6.0	6.0	
187	6.0	6.0	
188	9.0	9.0	
189	9.0	9.0	
190	4.0	4.0	
191	5.0	5.0	
192	8.0	8.0	
193	6.0	6.0	
194	8.0	8.0	
195	6.0	6.0	
196	7.0	7.0	
197	4.0	4.0	
198	6.0	6.0	
199	5.0	5.0	
200	9.0	9.0	
201	13.0	13.0	
202	7.0	7.0	
203	4.0	4.0	
204	13.0	13.0	
205	7.0	7.0	
206	8.0	8.0	
207	13.0	13.0	
208	8.0	8.0	
209	10.0	10.0	
210	7.0	7.0	
211	11.0	11.0	
212	8.0	8.0	
213	7.0	7.0	
214	5.0	5.0	
215	9.0	9.0	
216	5.0	5.0	
217	7.0	7.0	
218	4.0	4.0	
219	7.0	7.0	
220	8.0	8.0	
221	18.0	18.0	
222	5.0	5.0	
223	8.0	8.0	
224	8.0	8.0	
225	9.0	9.0	
226	12.0	12.0	
227	10.5	10.5	
228	10.0	10.0	
229	6.0	6.0	
230	5.0	5.0	
231	10.0	10.0	
232	6.0	6.0	
233	11.0	11.0	
234	7.0	7.0	
235	9.0	9.0	
236	9.0	9.0	
237	9.0	9.0	
238	9.0	9.0	
239	10.0	10.0	
240	6.0	6.0	
241	11.0	11.0	
242	17.0	17.0	
243	8.0	8.0	
244	6.0	6.0	
245	11.0	11.0	
246	4.0	4.0	
247	6.0	6.0	
248	5.0	5.0	
249	8.0	8.0	
250	6.0	6.0	
251	5.0	5.0	
252	5.0	5.0	
253	7.0	7.0	
254	16.0	16.0	
255	11.0	11.0	
256	13.0	13.0	
257	10.0	10.0	
258	8.0	8.0	
259	6.0	6.0	
260	9.0	9.0	
261	10.0	10.0	
262	8.0	8.0	
263	6.0	6.0	
264	6.0	6.0	
265	10.0	10.0	
266	9.0	9.0	
267	4.0	4.0	
268	9.0	9.0	
269	9.0	9.0	
270	4.0	4.0	
271	15.0	15.0	
272	7.0	7.0	
273	13.0	13.0	
274	8.0	8.0	
275	10.0	10.0	
276	4.0	4.0	
277	10.0	10.0	
278	7.0	7.0	
279	10.0	10.0	
280	8.0	8.0	
281	6.0	6.0	
282	5.0	5.0	
283	6.0	6.0	
284	13.0	13.0	
285	7.0	7.0	
286	5.0	5.0	
287	10.0	10.0	
288	9.0	9.0	
289	7.0	7.0	
290	6.0	6.0	
291	9.0	9.0	
292	11.0	11.0	
293	12.0	12.0	
294	6.0	6.0	
295	4.0	4.0	
296	5.0	5.0	
297	5.0	5.0	
298	8.0	8.0	
299	9.0	9.0	
300	7.0	7.0	
301	6.0	6.0	
302	5.0	5.0	
303	4.0	4.0	
304	5.0	5.0	
305	9.0	9.0	
306	6.0	6.0	
307	8.0	8.0	
308	9.0	9.0	
309	8.0	8.0	
310	11.0	11.0	
311	7.0	7.0	
312	11.0	11.0	
313	8.0	8.0	
314	7.0	7.0	
315	12.0	12.0	
316	6.0	6.0	
317	7.0	7.0	
318	8.0	8.0	
319	8.0	8.0	
320	5.0	5.0	
321	13.0	13.0	
322	7.0	7.0	
323	9.0	9.0	
324	4.0	4.0	
325	6.0	6.0	
326	8.0	8.0	
327	11.0	11.0	
328	7.0	7.0	
329	7.0	7.0	
330	8.0	8.0	
331	7.0	7.0	
332	13.0	13.0	
333	8.0	8.0	
334	12.0	12.0	
335	7.0	7.0	
336	5.0	5.0	
337	4.0	4.0	
338	5.0	5.0	
339	4.0	4.0	
340	5.0	5.0	
341	8.0	8.0	
342	11.0	11.0	
343	4.0	4.0	
344	8.0	8.0	
345	9.0	9.0	
346	8.0	8.0	
347	12.0	12.0	
348	4.0	4.0	
349	9.0	9.0	
350	7.0	7.0	
351	6.0	6.0	
352	4.0	4.0	
353	13.0	13.0	
354	4.0	4.0	
355	11.0	11.0	
356	7.0	7.0	
357	4.0	4.0	
358	4.0	4.0	
359	7.0	7.0	
360	9.0	9.0	
361	7.0	7.0	
362	7.0	7.0	
363	9.0	9.0	
364	6.0	6.0	
365	4.0	4.0	
366	3.0	3.0	
367	11.0	11.0	
368	11.0	11.0	
369	9.0	9.0	
370	8.0	8.0	
371	6.0	6.0	
372	9.0	9.0	
373	9.0	9.0	
374	10.0	10.0	
375	7.0	7.0	
376	5.0	5.0	
377	17.0	17.0	
378	4.0	4.0	
379	5.0	5.0	
380	6.0	6.0	
381	12.0	12.0	
382	6.0	6.0	
383	7.0	7.0	
384	16.0	16.0	
385	5.0	5.0	
386	6.0	6.0	
387	15.0	15.0	
388	7.0	7.0	
389	5.0	5.0	
390	8.0	8.0	
391	9.0	9.0	
392	5.0	5.0	
393	5.0	5.0	
394	9.0	9.0	
395	4.0	4.0	
396	7.0	7.0	
397	8.0	8.0	
398	9.0	9.0	
399	3.0	3.0	
400	9.0	9.0	
401	7.0	7.0	
402	4.0	4.0	
403	14.0	14.0	
404	6.0	6.0	
405	9.0	9.0	
406	10.0	10.0	
407	7.0	7.0	
408	7.0	7.0	
409	10.0	10.0	
410	8.0	8.0	
411	8.0	8.0	
412	3.0	3.0	
413	5.0	5.0	
414	8.0	8.0	
415	7.0	7.0	
416	9.0	9.0	
417	6.0	6.0	
418	4.0	4.0	
419	5.0	5.0	
420	12.0	12.0	
421	9.0	9.0	
422	6.0	6.0	
423	5.0	5.0	
424	6.0	6.0	
425	5.0	5.0	
426	5.0	5.0	
427	5.0	5.0	
428	11.0	11.0	
429	11.0	11.0	
430	11.0	11.0	
431	4.0	4.0	
432	9.0	9.0	
433	9.0	9.0	
434	10.0	10.0	
435	7.0	7.0	
436	6.0	6.0	
437	8.0	8.0	
438	11.0	11.0	
439	10.0	10.0	
440	9.0	9.0	
441	4.0	4.0	
442	7.0	7.0	
443	5.0	5.0	
444	5.0	5.0	
445	8.0	8.0	
446	11.0	11.0	
447	6.0	6.0	
448	5.0	5.0	
449	9.0	9.0	
450	8.0	8.0	
451	2.0	2.0	
452	3.0	3.0	
453	4.0	4.0	
454	7.0	7.0	
455	5.0	5.0	
456	12.0	12.0	
457	7.0	7.0	
458	3.0	3.0	
459	9.0	9.0	
460	7.0	7.0	
461	4.0	4.0	
462	5.0	5.0	
463	5.0	5.0	
464	8.0	8.0	
465	7.0	7.0	
466	4.0	4.0	
467	13.0	13.0	
468	5.0	5.0	
469	9.0	9.0	
470	10.0	10.0	
471	10.0	10.0	
472	6.0	6.0	
473	6.0	6.0	
474	12.0	12.0	
475	8.0	8.0	
476	9.0	9.0	
477	11.0	11.0	
478	9.0	9.0	
479	4.0	4.0	
480	8.5	8.5	
481	8.0	8.0	
482	4.0	4.0	
483	8.0	8.0	
484	4.0	4.0	
485	3.0	3.0	
486	8.0	8.0	
487	7.5	7.5	
488	11.0	11.0	
489	13.0	13.0	
490	6.0	6.0	
491	12.0	12.0	
492	12.0	12.0	
493	7.0	7.0	
494	8.0	8.0	
495	10.0	10.0	
496	5.0	5.0	
497	7.0	7.0	
498	7.0	7.0	
499	7.0	7.0	
500	6.0	6.0	
501	4.0	4.0	
502	6.0	6.0	
503	4.0	4.0	
504	13.0	13.0	
505	4.0	4.0	
506	11.0	11.0	
507	9.0	9.0	
508	6.0	6.0	
509	9.0	9.0	
510	10.0	10.0	
511	8.0	8.0	
512	10.0	10.0	
513	5.0	5.0	
514	7.0	7.0	
515	10.0	10.0	
516	6.0	6.0	
517	5.0	5.0	
518	7.0	7.0	
519	12.0	12.0	
520	5.0	5.0	
521	5.0	5.0	
522	13.0	13.0	
523	8.0	8.0	
524	6.0	6.0	
525	5.0	5.0	
526	7.0	7.0	
527	7.0	7.0	
528	17.0	17.0	
529	8.0	8.0	
530	11.0	11.0	
531	6.0	6.0	
532	6.0	6.0	
533	6.0	6.0	
534	11.0	11.0	
535	12.0	12.0	
536	5.0	5.0	
537	9.0	9.0	
538	6.0	6.0	
539	7.0	7.0	
540	6.0	6.0	
541	9.0	9.0	
542	7.0	7.0	
543	7.0	7.0	
544	11.0	11.0	
545	13.5	13.5	
546	7.0	7.0	
547	10.0	10.0	
548	9.5	9.5	
549	6.0	6.0	
550	7.0	7.0	
551	8.0	8.0	
552	9.0	9.0	
553	11.0	11.0	
554	6.0	6.0	
555	8.0	8.0	
556	7.0	7.0	
557	8.0	8.0	
558	7.0	7.0	
559	11.0	11.0	
560	10.0	10.0	
561	8.0	8.0	
562	6.0	6.0	
563	13.0	13.0	
564	10.0	10.0	
565	13.0	13.0	
566	5.0	5.0	
567	9.0	9.0	
568	7.0	7.0	
569	12.0	12.0	
570	10.0	10.0	
571	18.0	18.0	
572	6.0	6.0	
573	7.0	7.0	
574	9.0	9.0	
575	4.0	4.0	
576	9.5	9.5	
577	10.0	10.0	
578	5.0	5.0	
579	8.0	8.0	
580	2.0	2.0	
581	8.0	8.0	
582	5.0	5.0	
583	10.0	10.0	
584	12.0	12.0	
585	15.0	15.0	
586	7.5	7.5	
587	10.0	10.0	
588	6.0	6.0	
589	4.0	4.0	
590	7.0	7.0	
591	8.0	8.0	
592	7.0	7.0	
593	8.0	8.0	
594	6.0	6.0	
595	7.0	7.0	
596	5.0	5.0	
597	6.0	6.0	
598	6.0	6.0	
599	5.0	5.0	
600	15.0	15.0	
601	10.0	10.0	
602	8.0	8.0	
603	8.0	8.0	
604	5.0	5.0	
605	9.0	9.0	
606	7.0	7.0	
607	5.0	5.0	
608	8.0	8.0	
609	7.0	7.0	
610	10.0	10.0	
611	13.0	13.0	
612	4.0	4.0	
613	5.0	5.0	
614	13.0	13.0	
615	10.0	10.0	
616	9.0	9.0	
617	8.0	8.0	
618	6.0	6.0	
619	6.0	6.0	
620	4.0	4.0	
621	7.0	7.0	
622	4.0	4.0	
623	4.0	4.0	
624	9.0	9.0	
625	18.0	18.0	
626	11.0	11.0	
627	6.0	6.0	
628	5.0	5.0	
629	11.0	11.0	
630	8.0	8.0	
631	4.0	4.0	
632	10.0	10.0	
633	5.0	5.0	
634	6.0	6.0	
635	4.0	4.0	
636	3.0	3.0	
637	7.0	7.0	
638	5.0	5.0	
639	8.0	8.0	
640	7.0	7.0	
641	6.0	6.0	
642	4.0	4.0	
643	8.0	8.0	
644	8.0	8.0	
645	14.0	14.0	
646	15.0	15.0	
647	4.0	4.0	
648	20.0	20.0	
649	13.0	13.0	
650	12.0	12.0	
651	5.0	5.0	
652	4.0	4.0	
653	5.0	5.0	
654	6.5	6.5	
655	9.0	9.0	
656	7.0	7.0	
657	6.0	6.0	
658	13.0	13.0	
659	9.0	9.0	
660	4.0	4.0	
661	8.0	8.0	
662	11.0	11.0	
663	18.0	18.0	
664	6.0	6.0	
665	6.0	6.0	
666	8.0	8.0	
667	5.0	5.0	
668	12.0	12.0	
669	9.0	9.0	
670	10.0	10.0	
671	10.0	10.0	
672	7.0	7.0	
673	4.0	4.0	
674	3.0	3.0	
675	5.0	5.0	
676	10.0	10.0	
677	7.0	7.0	
678	9.0	9.0	
679	18.0	18.0	
680	6.0	6.0	
681	10.0	10.0	
682	6.0	6.0	
683	6.0	6.0	
684	7.0	7.0	
685	5.0	5.0	
686	3.0	3.0	
687	9.0	9.0	
688	9.0	9.0	
689	10.0	10.0	
690	7.0	7.0	
691	5.0	5.0	
692	12.0	12.0	
693	10.0	10.0	
694	7.0	7.0	
695	7.0	7.0	
696	6.0	6.0	
697	8.0	8.0	
698	8.0	8.0	
699	7.0	7.0	
700	4.0	4.0	
701	6.0	6.0	
702	9.0	9.0	
703	6.0	6.0	
704	8.0	8.0	
705	6.0	6.0	
706	5.0	5.0	
707	4.0	4.0	
708	14.0	14.0	
709	11.0	11.0	
710	15.0	15.0	
711	12.0	12.0	
712	10.0	10.0	
713	9.0	9.0	
714	5.0	5.0	
715	8.0	8.0	
716	7.0	7.0	
717	4.0	4.0	
718	8.0	8.0	
719	7.0	7.0	
720	12.0	12.0	
721	8.0	8.0	
722	10.0	10.0	
723	13.0	13.0	
724	13.0	13.0	
725	9.0	9.0	
726	6.0	6.0	
727	7.0	7.0	
728	7.0	7.0	
729	7.0	7.0	
730	7.0	7.0	
731	7.0	7.0	
732	17.0	17.0	
733	6.0	6.0	
734	10.0	10.0	
735	6.0	6.0	
736	5.0	5.0	
737	8.0	8.0	
738	7.0	7.0	
739	9.0	9.0	
